Key: Number of docs that the term occurs in: List of docs it occurs in
: 5 : {748=5, 97=6, 1262=4, 961=6, 723=3}
satisfied: 1 : {1262=1}
external: 1 : {97=1}
calculate: 1 : {748=1}
etc: 1 : {97=1}
symmetry : 1 : {97=1}
overexpand: 1 : {97=1}
particular: 1 : {748=1}
flow: 1 : {97=3}
temperature: 1 : {97=2}
over: 1 : {1262=1}
although: 1 : {97=1}
time: 1 : {723=1}
basically: 1 : {97=1}
similar : 1 : {97=1}
flutter: 1 : {748=1}
body : 2 : {97=3, 1262=2}
quantity: 1 : {723=2}
linearly: 1 : {723=1}
along: 1 : {961=1}
derive: 1 : {723=1}
/ joint: 1 : {723=1}
jet: 1 : {961=3}
randomness -rrb-: 1 : {723=1}
these: 1 : {748=1}
regard: 1 : {97=1}
number: 3 : {748=4, 97=1, 1262=1}
suggest: 1 : {748=1}
system: 1 : {961=3}
ratio: 2 : {748=1, 1262=1}
specify: 1 : {1262=1}
wake : 1 : {97=2}
interaction : 1 : {97=1}
subsonic: 2 : {748=1, 97=1}
plane : 1 : {97=3}
idea: 1 : {723=1}
structure : 1 : {723=2}
axially: 1 : {97=1}
give: 1 : {748=6}
simple: 1 : {961=1}
concept : 2 : {97=1, 961=1}
use: 4 : {97=1, 1262=1, 961=1, 723=2}
blunt-based: 1 : {97=1}
aid: 1 : {97=1}
cone: 1 : {1262=1}
estimate: 1 : {723=1}
transform: 1 : {961=2}
life: 1 : {723=1}
consider: 2 : {97=1, 1262=1}
turbulent: 1 : {961=1}
do: 1 : {1262=1}
publish: 1 : {748=1}
intrinsic: 1 : {961=2}
mix : 2 : {97=1, 961=3}
define: 1 : {97=1}
solution : 1 : {961=1}
linear: 1 : {1262=1}
may: 1 : {723=1}
/ 002 /: 1 : {748=1}
present : 2 : {97=1, 1262=1}
reasonable: 1 : {1262=1}
angle: 2 : {97=1, 1262=1}
05 : 1 : {748=2}
represent: 1 : {961=2}
field: 1 : {723=1}
/ 005 /: 1 : {748=1}
base: 1 : {748=1}
variable: 1 : {748=2}
x: 1 : {961=1}
keep: 1 : {1262=1}
coefficient: 1 : {961=2}
flow : 2 : {97=9, 1262=1}
to: 4 : {97=8, 1262=2, 961=1, 723=2}
physical: 2 : {97=1, 961=1}
provide: 1 : {1262=2}
boundary: 1 : {1262=1}
distortion: 1 : {723=1}
balance: 1 : {748=1}
steady : 1 : {97=1}
derivative: 1 : {748=5}
conical: 1 : {1262=1}
approximately: 1 : {97=1}
composition: 1 : {723=1}
vibration: 1 : {723=3}
motion: 1 : {723=1}
/ outer /: 1 : {97=1}
compressible: 1 : {961=1}
be: 1 : {961=1}
control: 1 : {748=4}
spectrum: 1 : {723=1}
relation: 1 : {97=1}
behind: 1 : {97=1}
properly: 1 : {97=1}
-lrb- base: 1 : {97=1}
asymptotic: 1 : {961=1}
near: 1 : {97=1}
several: 1 : {1262=1}
case: 1 : {748=1}
aerodynamic: 1 : {748=1}
empirical: 1 : {961=1}
make: 3 : {97=1, 961=2, 723=1}
natural: 1 : {723=1}
large: 1 : {97=1}
-lrb- on: 1 : {723=1}
cumulative: 1 : {723=1}
result: 2 : {1262=1, 723=1}
can: 3 : {97=2, 1262=2, 723=1}
rm: 1 : {723=1}
about: 1 : {1262=1}
frequency: 1 : {748=4}
analysis: 2 : {961=1, 723=2}
possible: 1 : {748=1}
area: 1 : {1262=1}
surface : 3 : {748=2, 97=2, 1262=2}
hypothesis: 1 : {723=1}
profile: 1 : {961=2}
kernal: 1 : {961=1}
condition : 1 : {1262=1}
parallel: 1 : {97=1}
separate: 1 : {961=1}
requirement: 1 : {1262=1}
constant: 1 : {961=1}
-lrb- call: 1 : {723=1}
depend: 1 : {723=1}
layer: 1 : {961=1}
theoretical: 1 : {97=1}
general: 2 : {97=1, 723=1}
surface-tab: 1 : {748=1}
effect: 1 : {961=1}
distort: 1 : {1262=1}
take: 2 : {97=2, 961=1}
assumption: 1 : {723=1}
boundary : 1 : {961=4}
actual: 1 : {97=1}
manner: 1 : {1262=1}
surface: 1 : {97=2}
no: 2 : {748=1, 961=1}
concern: 1 : {723=1}
boundary-layer-shockwave: 1 : {97=1}
determine: 2 : {97=1, 1262=1}
mechanism: 1 : {961=1}
involve: 1 : {723=1}
tab: 1 : {748=1}
specially: 1 : {748=1}
integral: 1 : {961=2}
beyond: 1 : {961=1}
calculation: 1 : {961=1}
one-parameter: 1 : {961=1}
elliptic: 1 : {1262=2}
initial: 1 : {961=1}
report: 1 : {748=2}
mechanical: 1 : {961=1}
semidiameter: 1 : {1262=1}
approximate: 2 : {748=1, 723=1}
only: 2 : {97=1, 1262=1}
fully: 1 : {961=1}
exchange: 1 : {961=2}
information: 1 : {961=1}
wing: 2 : {748=2, 97=1}
support: 1 : {97=1}
form: 1 : {961=1}
low-speed: 1 : {961=1}
surface /: 1 : {748=1}
random: 1 : {723=1}
experimental: 2 : {1262=1, 961=1}
spacewise: 1 : {723=1}
interaction: 1 : {97=1}
mode : 1 : {723=2}
table: 1 : {748=1}
without: 1 : {961=1}
distribution: 1 : {97=1}
geometry: 2 : {1262=1, 723=1}
not: 1 : {1262=1}
solid: 1 : {97=1}
present: 1 : {97=1}
obtain: 3 : {748=1, 1262=1, 961=1}
derivative  : 1 : {748=1}
/ model  /: 1 : {97=1}
small: 1 : {97=1}
cross: 1 : {1262=1}
upon: 1 : {723=1}
region: 1 : {961=1}
uncouple: 1 : {723=1}
stream: 1 : {97=2}
range: 2 : {748=1, 1262=1}
correspond: 1 : {961=1}
subject: 1 : {723=1}
datum: 1 : {961=1}
mode: 1 : {723=1}
streamline: 1 : {961=1}
/ 004 /: 1 : {748=2}
transport: 1 : {97=1}
velocity: 2 : {97=3, 961=2}
simplify: 1 : {97=1}
internal: 1 : {97=1}
hence: 1 : {723=1}
value : 2 : {748=4, 723=1}
coordinate: 1 : {961=3}
problem -rrb- : 1 : {97=1}
author : 1 : {748=1}
process: 1 : {97=1}
distribution : 1 : {1262=2}
account: 1 : {97=1}
method: 3 : {748=1, 97=1, 1262=3}
attack: 1 : {1262=1}
ferrus: 1 : {1262=1}
force: 1 : {723=1}
apply: 1 : {1262=2}
structural: 1 : {723=1}
show: 2 : {97=1, 723=1}
bornel: 1 : {961=1}
fatigue: 1 : {723=1}
chord: 1 : {748=1}
related: 1 : {961=1}
function: 1 : {961=2}
level: 1 : {961=1}
family: 1 : {961=1}
experiment: 1 : {1262=1}
space : 1 : {723=1}
power: 1 : {723=1}
linearize: 1 : {1262=1}
viscous: 1 : {97=1}
characterize: 1 : {97=1}
work: 1 : {748=1}
such: 1 : {97=1}
0 : 1 : {748=2}
consideration: 1 : {961=1}
isentropic: 1 : {97=1}
means: 2 : {97=2, 961=1}
damage: 1 : {723=1}
momentum: 2 : {97=1, 961=1}
class: 1 : {97=1}
symmetric: 1 : {97=1}
average : 1 : {97=1}
correlation: 1 : {961=1}
mach: 2 : {748=4, 1262=1}
even: 1 : {1262=1}
nozzle : 1 : {97=1}
curve : 1 : {961=1}
fluctuation: 1 : {723=1}
treat: 1 : {97=1}
spectrum : 1 : {723=1}
other: 1 : {748=1}
allow: 1 : {961=1}
addition : 1 : {1262=1}
acceptance / -rrb-: 1 : {723=1}
paper: 1 : {97=1}
dissipative: 1 : {97=3}
theory: 2 : {961=1, 723=1}
from: 1 : {97=1}
satisfactory: 1 : {961=1}
parameter: 1 : {748=4}
rise: 1 : {97=1}
rule: 1 : {1262=1}
two-dimensional: 1 : {748=1}
mean: 1 : {97=4}
/ normal /: 1 : {723=1}
nonuniformity: 1 : {97=1}
various: 1 : {748=1}
develop: 1 : {961=1}
between: 1 : {97=2}
/ 02 /: 1 : {748=2}
pressure: 4 : {97=2, 1262=2, 961=1, 723=2}
quasi-one-dimensional: 1 : {97=1}
extend: 1 : {97=1}
separation: 1 : {97=2}
agreement: 1 : {1262=1}
into: 2 : {97=1, 961=1}
modify: 1 : {1262=1}
nearly: 1 : {97=1}
problem: 1 : {97=2}
section: 1 : {1262=1}
plan: 1 : {961=1}
outer: 1 : {97=1}
term: 1 : {1262=1}
specification: 1 : {961=1}
assume: 1 : {723=1}
fundamental: 1 : {97=1}
characteristic: 1 : {1262=1}
supersonic: 1 : {97=3}
curved: 1 : {97=1}
also: 2 : {748=1, 97=1}
energy: 1 : {961=1}
Key: Number of docs that the term occurs in: List of docs it occurs in
723-1,3
723-1,6
723-1,7
723-1,9
723-1,12
723-1,13
723-1,14
723-1,15
723-1,16
723-1,17
723-1,19
723-1,21
723-1,22
723-1,24
723-1,27
723-1,30
723-1,33
723-1,34
723-1,35
723-1,37
723-1,38
723-1,40
723-1,41
723-1,43
723-1,45
723-1,46
723-1,48
723-1,49
723-1,50
723-1,52
723-1,53
723-1,55
723-1,57
723-1,58
723-1,61
723-1,62
723-1,63
723-1,64
723-1,65
723-1,66
723-1,68
723-1,71
723-1,73
723-1,74
723-1,76
723-1,77
723-1,78
723-1,80
723-2,81
723-2,84
723-2,85
723-2,89
723-2,92
723-2,94
723-2,95
723-2,98
723-2,101
723-2,102
723-2,104
723-2,105
723-2,106
723-2,107
723-2,108
723-2,109
723-2,110
723-2,112
723-2,113
723-2,116
723-2,118
723-2,119
723-2,120
97-2,242
97-2,245
97-2,246
97-2,247
97-2,249
97-2,250
97-2,251
97-2,253
97-2,254
97-2,256
97-2,257
97-2,258
97-2,261
97-2,262
97-2,264
97-2,266
97-2,267
97-2,268
97-2,270
97-2,273
97-2,274
97-2,278
97-2,281
97-2,282
97-2,283
97-2,284
97-2,285
97-2,288
97-2,290
97-2,291
97-2,293
97-2,294
97-2,297
97-2,298
97-2,299
97-2,300
97-2,302
97-2,304
97-2,305
97-2,308
97-2,309
97-3,311
97-3,313
97-3,314
97-3,316
97-3,317
97-3,318
97-3,320
97-3,321
97-3,322
97-3,323
97-3,324
97-3,325
97-3,326
97-3,327
97-3,328
97-3,330
97-3,331
97-3,332
97-3,333
97-3,334
97-3,336
97-3,337
97-3,338
97-3,340
97-3,342
97-3,344
97-3,345
97-3,347
97-3,350
97-3,353
97-3,354
97-3,355
97-3,356
97-3,358
97-3,359
97-3,360
97-3,362
97-3,365
97-3,366
97-3,367
97-3,369
97-3,370
97-3,371
97-3,372
97-3,373
97-3,375
97-3,378
97-3,379
97-3,380
97-3,381
